1958,219
1959,351
1960,327
1961,394
1962,383
1963,389
1964,377
1965,380
1966,413
1967,406
1968,388
1969,402
1970,423
1971,410
1972,400
1973,351
1974,349
1975,402
1976,403
1977,369
1978,345
1979,386
1980,361
1981,341
1982,339
1983,348
1984,316
1985,289
1986,312
1987,320
1988,315
1989,302
1990,301
1991,325
1992,291
1993,308
1994,306
1995,324
1996,305
1997,346
1998,401
1999,295
2000,327
2001,302
2002,304
2003,312
2004,315
2005,323
2006,358
2007,333
2008,357
2009,374
2010,367
2011,380
2012,334
2013,370
2014,346
2015,345
2016,104
