1950.0,0.5097008616193047
1951.0,0.5121417797888498
1952.0,0.510624890600415
1953.0,0.4915668901660479
1954.0,0.47716038353880685
1955.0,0.49009661835749424
1956.0,0.5000910226286586
1957.0,0.49510673234810015
1958.0,0.48378237852145484
1959.0,0.4656667351550998
1960.0,0.44788884322987904
1961.0,0.42773380713931963
1962.0,0.4142857142856603
1963.0,0.4278928664296954
1964.0,0.4251230690883798
1965.0,0.4305874003711852
1966.0,0.4305271651425223
1967.0,0.4375465057818018
1968.0,0.4456476426799263
1969.0,0.4490847169008272
1970.0,0.44827586206897224
1971.0,0.4378458918689095
1972.0,0.42048110965614927
1973.0,0.4048198636806109
1974.0,0.4271214300390086
1975.0,0.4046053966321689
1976.0,0.4063514029394763
1977.0,0.4169216589861799
1978.0,0.4085571054926129
1979.0,0.4049023515344558
1980.0,0.4232524885882341
1981.0,0.420006213109601
1982.0,0.4308552447667707
1983.0,0.42942332252681353
1984.0,0.4457173617048473
1985.0,0.44494921851248315
1986.0,0.4520078383200985
1987.0,0.4395300504729575
1988.0,0.4347275436355621
1989.0,0.44497828863343275
1990.0,0.4750837257980011
1991.0,0.4850884322148115
1992.0,0.4986615245008997
1993.0,0.49854552553865594
1994.0,0.48811302681989643
1995.0,0.4793905898574572
1996.0,0.47713350028890916
1997.0,0.46287201517086907
1998.0,0.47261338323088176
1999.0,0.48330066545677053
2000.0,0.48625250866638514
2001.0,0.49106861481171704
2002.0,0.4853120060017938
2003.0,0.4753732768170765
2004.0,0.4625794170429953
2005.0,0.45255258309940677
2006.0,0.4569281702195333
2007.0,0.4689082879742156
2008.0,0.4741267498553106
2009.0,0.4785199946095429
2010.0,0.4846587704461333
2011.0,0.49475577818569577
