1959.0,9.155339805825243
1960.0,8.849056603773585
1961.0,8.302752293577981
1962.0,8.026785714285714
1963.0,7.964285714285714
1964.0,8.155963302752294
1965.0,8.314814814814815
1966.0,8.723809523809523
1967.0,9.08
1968.0,9.181818181818182
1969.0,9.1010101010101
1970.0,8.792079207920793
1971.0,8.317307692307692
1972.0,8.330097087378642
1973.0,8.55
1974.0,9.145833333333334
1975.0,9.865168539325843
1976.0,10.583333333333334
1977.0,10.975609756097562
1978.0,11.405063291139241
1979.0,11.3375
1980.0,11.060975609756097
1981.0,10.471264367816092
1982.0,9.638297872340425
1983.0,8.461538461538462
1984.0,7.736363636363636
1985.0,7.120689655172414
1986.0,7.198275862068965
1987.0,7.525862068965517
1988.0,8.771428571428572
1989.0,10.580645161290322
1990.0,12.666666666666666
1991.0,14.408450704225352
1992.0,16.3
1993.0,17.0
1994.0,17.322580645161292
1995.0,16.921875
1996.0,17.138461538461538
1997.0,16.393939393939394
1998.0,16.246153846153845
1999.0,16.21311475409836
2000.0,16.23728813559322
2001.0,16.52542372881356
2002.0,16.098360655737704
2003.0,16.22222222222222
2004.0,16.615384615384617
2005.0,16.615384615384617
2006.0,16.784615384615385
2007.0,17.328125
2008.0,17.966666666666665
2009.0,18.06896551724138
2010.0,18.666666666666668
2011.0,19.88679245283019
