1950.0,1.380952380952381
1951.0,1.425
1952.0,1.435897435897436
1953.0,1.6578947368421053
1954.0,1.8157894736842106
1955.0,1.8055555555555556
1956.0,1.8055555555555556
1957.0,2.2285714285714286
1958.0,2.34375
1959.0,2.6129032258064515
1960.0,2.3870967741935485
1961.0,2.3666666666666667
1962.0,2.5714285714285716
1963.0,2.3703703703703702
1964.0,2.6296296296296298
1965.0,2.8214285714285716
1966.0,2.392857142857143
1967.0,1.6333333333333333
1968.0,1.5161290322580645
1969.0,1.4375
1970.0,1.34375
1971.0,1.53125
1972.0,1.903225806451613
1973.0,2.4516129032258065
1974.0,2.4838709677419355
1975.0,2.4516129032258065
1976.0,2.3636363636363638
1977.0,2.4285714285714284
1978.0,2.4594594594594597
1979.0,2.4210526315789473
1980.0,1.9268292682926829
1981.0,1.8636363636363635
1982.0,1.6956521739130435
1983.0,1.673913043478261
1984.0,1.6041666666666667
1985.0,1.74
1986.0,1.6153846153846154
1987.0,1.8148148148148149
1988.0,1.8245614035087718
1989.0,1.7
1990.0,1.5
1991.0,1.4915254237288136
1992.0,1.4166666666666667
1993.0,1.4193548387096775
1994.0,1.40625
1995.0,1.3432835820895523
1996.0,1.2535211267605635
1997.0,1.2025316455696202
1998.0,1.127906976744186
1999.0,1.0
2000.0,1.0
2001.0,1.0
2002.0,1.0
2003.0,1.0
2004.0,1.0
2005.0,1.0
2006.0,1.0
2007.0,1.0
2008.0,1.0
2009.0,1.0
2010.0,1.0
2011.0,1.0
