1958,105
1959,171
1960,175
1961,203
1962,196
1963,184
1964,181
1965,178
1966,188
1967,193
1968,192
1969,185
1970,180
1971,193
1972,185
1973,180
1974,185
1975,199
1976,180
1977,175
1978,186
1979,197
1980,185
1981,179
1982,177
1983,164
1984,156
1985,149
1986,168
1987,189
1988,170
1989,167
1990,167
1991,176
1992,143
1993,149
1994,133
1995,138
1996,137
1997,158
1998,167
1999,168
2000,162
2001,161
2002,159
2003,169
2004,167
2005,167
2006,170
2007,170
2008,163
2009,162
2010,172
2011,166
2012,149
2013,161
2014,157
2015,143
2016,47
