1959.0,0.3484262578373479
1959.5,0.34300655004038255
1960.0,0.33731383340563376
1960.5,0.331175335944689
1961.0,0.32243636671475173
1961.5,0.3184172315985478
1962.0,0.31241128000870566
1962.5,0.3097524548871483
1963.0,0.30391376014541205
1963.5,0.3038507523897195
1964.0,0.3027671395839898
1964.5,0.3051441200915625
1965.0,0.30609972241076605
1965.5,0.30930638719552817
1966.0,0.3151161017679752
1966.5,0.32056551917783066
1967.0,0.31953101494526015
1967.5,0.3178196926882147
1968.0,0.31360284016926043
1968.5,0.31311419783790223
1969.0,0.311688610486413
1969.5,0.313155558526799
1970.0,0.310616179645425
1970.5,0.3108754688746764
1971.0,0.3110808856777242
1971.5,0.31330700937785794
1972.0,0.3214462252536838
1972.5,0.3255259690552651
1973.0,0.3309330051008015
1973.5,0.3360861916382784
1974.0,0.3348029238757804
1974.5,0.33731818573923145
1975.0,0.339171853033809
1975.5,0.33905798981045826
1976.0,0.3335045342666459
1976.5,0.32906249450847636
1977.0,0.3233594987236287
1977.5,0.31697197606660893
1978.0,0.3103326232476323
1978.5,0.3114817197407626
1979.0,0.31415746297540553
1979.5,0.3152765421154883
1980.0,0.3122355482199404
1980.5,0.31330058034736263
1981.0,0.3064069251639554
1981.5,0.30888527812184285
1982.0,0.30244480883907177
1982.5,0.310049988478056
1983.0,0.3176283448823961
1983.5,0.32390256292730624
1984.0,0.31884335144976156
1984.5,0.31918455538916796
1985.0,0.31390614336466177
1985.5,0.31849449475152386
1986.0,0.31375316214900284
1986.5,0.31616512024591853
1987.0,0.32109622168494406
1987.5,0.3150495957817397
1988.0,0.3059150955750046
1988.5,0.30597422389106255
1989.0,0.3027166885558033
1989.5,0.30701783955794715
1990.0,0.30802537533517044
1990.5,0.31776765931283624
1991.0,0.31871509945783666
1991.5,0.3260546163411746
1992.0,0.3215513873097809
1992.5,0.3385432776973314
1993.0,0.33863211200541576
1993.5,0.34413510960656724
1994.0,0.357454801399743
1994.5,0.3498248294308461
1995.0,0.34958447802158965
1995.5,0.35007550500372225
1996.0,0.35754492416127454
1996.5,0.35548915221048655
1997.0,0.35074068096643984
1997.5,0.3477599766706206
1998.0,0.3401068340339269
1998.5,0.3382592509095487
1999.0,0.3177708755095614
1999.5,0.3204877638244351
2000.0,0.32271422665202926
2000.5,0.3151388610763529
2001.0,0.31600851426175164
2001.5,0.32734653244834916
2002.0,0.3441491417953484
2002.5,0.361070953495231
2003.0,0.36795395642659684
2003.5,0.3866030944157875
2004.0,0.40180058935401514
2004.5,0.41678869377092703
2005.0,0.43833739141378086
2005.5,0.45243210094469316
2006.0,0.4695059330732308
2006.5,0.48053579482222103
2007.0,0.4923515243988257
2007.5,0.49816340831423733
2008.0,0.5042976196774268
2008.5,0.5056168714850635
2009.0,0.5131931475503987
2009.5,0.5173686193898164
2010.0,0.5110649107034761
2010.5,0.5083785737238973
2011.0,0.5055432271606641
2011.5,0.4996861972464406
2012.0,0.4888871733765445
2012.5,0.4842284008729141
2013.0,0.4877838714305111
2013.5,0.49626759743836163
2014.0,0.48348943654883153
2014.5,0.4914141296958997
2015.0,0.4989189886478849
2015.5,0.48017116524041004
