1958,138
1959,284
1960,308
1961,341
1962,323
1963,324
1964,338
1965,353
1966,364
1967,360
1968,313
1969,310
1970,280
1971,290
1972,288
1973,273
1974,287
1975,292
1976,264
1977,256
1978,270
1979,265
1980,266
1981,252
1982,266
1983,256
1984,249
1985,255
1986,251
1987,293
1988,276
1989,257
1990,246
1991,255
1992,212
1993,206
1994,184
1995,178
1996,174
1997,212
1998,224
1999,218
2000,222
2001,211
2002,205
2003,200
2004,203
2005,205
2006,204
2007,214
2008,219
2009,228
2010,239
2011,226
2012,192
2013,207
2014,195
2015,182
2016,53
