1950.0,0.5096903336184053
1951.0,0.5223287370500763
1952.0,0.5088454797721204
1953.0,0.5045343353963628
1954.0,0.49343412646914514
1955.0,0.5163912299088872
1956.0,0.5143646702604705
1957.0,0.5295987136589432
1958.0,0.5313154849465892
1959.0,0.5246684257363685
1960.0,0.5040689255014414
1961.0,0.4790660225443176
1962.0,0.44891333156641183
1963.0,0.43080895008602726
1964.0,0.42819907875514823
1965.0,0.4333550170759023
1966.0,0.4338408119657675
1967.0,0.48215687827393866
1968.0,0.4888307448033896
1969.0,0.48989834135905347
1970.0,0.4867094703050064
1971.0,0.4802118780096765
1972.0,0.42398130075422
1973.0,0.42164179104478183
1974.0,0.4397118301314691
1975.0,0.4217540719527352
1976.0,0.425433864915518
1977.0,0.4306571991162985
1978.0,0.39811529445980837
1979.0,0.4152709408298838
1980.0,0.41833732090311754
1981.0,0.4212320913186071
1982.0,0.43023082698974263
1983.0,0.4395622117336438
1984.0,0.4416312377504482
1985.0,0.441914456712984
1986.0,0.4751823962771599
1987.0,0.46961500679560725
1988.0,0.4553372556566966
1989.0,0.4644357974873507
1990.0,0.492956852791915
1991.0,0.4776165759021444
1992.0,0.4810489109091217
1993.0,0.4819551626551244
1994.0,0.47659335822860466
1995.0,0.46465445720885046
1996.0,0.46838864326166085
1997.0,0.4628615069711844
1998.0,0.46227826104707775
1999.0,0.45715370761922436
2000.0,0.4646527378493919
2001.0,0.47044369753522364
2002.0,0.4578764966073274
2003.0,0.4534501761627392
2004.0,0.4502221668468973
2005.0,0.45072789170546357
2006.0,0.4523192604752849
2007.0,0.472433815165229
2008.0,0.48408239426025496
2009.0,0.4922099102190922
2010.0,0.49928604001661947
2011.0,0.509907959889928
