1959,284
1960,307
1961,341
1962,323
1963,324
1964,338
1965,353
1966,364
1967,360
1968,313
1969,310
1970,280
1971,290
1972,288
1973,273
1974,287
1975,292
1976,264
1977,256
1978,269
1979,265
1980,266
1981,251
1982,266
1983,254
1984,249
1985,255
1986,251
1987,293
1988,276
1989,257
1990,246
1991,255
1992,210
1993,200
1994,183
1995,172
1996,173
1997,209
1998,222
1999,215
2000,221
2001,208
2002,203
2003,198
2004,200
2005,201
2006,198
2007,208
2008,216
2009,222
2010,234
2011,221
2012,187
2013,201
2014,192
2015,180
