1959,347
1960,324
1961,387
1962,379
1963,384
1964,370
1965,375
1966,407
1967,402
1968,377
1969,396
1970,415
1971,399
1972,388
1973,344
1974,346
1975,391
1976,396
1977,361
1978,338
1979,382
1980,359
1981,334
1982,333
1983,342
1984,311
1985,287
1986,306
1987,309
1988,310
1989,290
1990,296
1991,321
1992,274
1993,283
1994,291
1995,306
1996,274
1997,322
1998,375
1999,273
2000,296
2001,271
2002,279
2003,279
2004,285
2005,302
2006,331
2007,313
2008,337
2009,352
2010,337
2011,361
2012,317
2013,347
2014,317
2015,321
