1959,169
1960,171
1961,203
1962,193
1963,183
1964,181
1965,177
1966,185
1967,192
1968,190
1969,183
1970,179
1971,190
1972,183
1973,176
1974,181
1975,196
1976,178
1977,173
1978,185
1979,196
1980,182
1981,178
1982,174
1983,163
1984,153
1985,146
1986,164
1987,187
1988,168
1989,162
1990,164
1991,174
1992,138
1993,145
1994,133
1995,133
1996,136
1997,153
1998,164
1999,166
2000,159
2001,158
2002,157
2003,167
2004,165
2005,164
2006,164
2007,166
2008,160
2009,157
2010,170
2011,161
2012,145
2013,157
2014,153
2015,140
