1959,659
1960,686
1961,781
1962,768
1963,754
1964,811
1965,800
1966,832
1967,827
1968,772
1969,761
1970,726
1971,701
1972,677
1973,595
1974,582
1975,643
1976,604
1977,561
1978,522
1979,564
1980,542
1981,497
1982,525
1983,535
1984,514
1985,493
1986,490
1987,565
1988,527
1989,478
1990,464
1991,485
1992,392
1993,409
1994,386
1995,388
1996,349
1997,450
1998,500
1999,385
2000,431
2001,350
2002,348
2003,349
2004,360
2005,406
2006,447
2007,439
2008,485
2009,527
2010,552
2011,580
2012,461
2013,475
2014,431
2015,472
