1950,85
1951,93
1952,87
1953,74
1954,73
1955,93
1956,78
1957,84
1958,76
1959,73
1960,72
1961,68
1962,76
1963,123
1964,109
1965,50
1966,34
1967,37
1968,38
1969,61
1970,35
1971,53
1972,38
1973,38
1974,43
1975,37
1976,41
1977,50
1978,44
1979,54
1980,62
1981,62
1982,65
1983,59
1984,76
1985,77
1986,76
1987,76
1988,68
1989,79
1990,137
1991,90
1992,85
1993,87
1994,86
1995,89
1996,91
1997,101
1998,96
1999,101
2000,115
2001,131
2002,124
2003,134
2004,140
2005,154
2006,168
2007,172
2008,175
2009,183
2010,188
2011,187
2012,200
2013,197
2014,193
2015,185
