1958,342
1959,662
1960,691
1961,782
1962,768
1963,754
1964,811
1965,800
1966,832
1967,827
1968,772
1969,762
1970,728
1971,703
1972,680
1973,603
1974,589
1975,648
1976,619
1977,571
1978,535
1979,574
1980,547
1981,513
1982,530
1983,545
1984,520
1985,501
1986,501
1987,572
1988,539
1989,491
1990,474
1991,497
1992,452
1993,455
1994,432
1995,431
1996,406
1997,483
1998,535
1999,439
2000,477
2001,407
2002,408
2003,413
2004,409
2005,454
2006,490
2007,480
2008,525
2009,566
2010,597
2011,620
2012,492
2013,521
2014,482
2015,510
2016,131
